相机相关参数：
1.内参数矩阵:
大小：[3 x 3]
[2057.169065474346, 0, 807.4873124067758;
 0, 2059.443105985553, 494.725482599989;
 0, 0, 1]
2.畸变系数：
大小：[5 x 1]
[-1.028833169781085, 57.99173045442237, 0.002944002630983833, -0.008263087162337753, -1229.783250249373]

图像相关参数：
第1幅图像的旋转向量：
[2.236054380108544;
 2.233196915274704;
 0.01982019990954611]
第1幅图像的旋转矩阵：
[0.001326724650996813, 0.9999896804792138, -0.004344966833053028;
 0.9997550347534306, -0.001230393827530207, 0.0220987921886186;
 0.02209321811930105, -0.004373221479535328, -0.9997463501543898]
第1幅图像的平移向量：
[-5.609275358388603;
 -6.308795362216134;
 62.92868719923948]
每幅图像的标定误差：
第1幅图像的平均误差：0.0497024像素
总体平均误差：0.0497024像素
